date	position	channel	probe	concentration	Z_res	XY_res	subclone_number	fixation_date
20231116	1	2	C1P-94.1	0.2	1000	130	NA	
20231116	1	3	C1P-96.1	0.2	1000	130	NA	
20231116	1	4	C1P-75.4	0.2	1000	130	NA	
20231116	1	5	C1P-76.8	0.2	1000	130	NA	
20231115	2	2	C1P-94.1	0.1	1000	130	NA	
20231115	2	3	C1P-96.1	0.1	1000	130	NA	
20231115	2	4	C1P-75.4	0.1	1000	130	NA	
20231115	2	5	C1P-76.8	0.1	1000	130	NA	
20231004	1	2	C1P-8.0	0.2	1000	130	NA	
20231004	1	3	C1P-40.4	0.2	1000	130	NA	
20231004	1	4	C1P-113.4	0.2	1000	130	NA	
20231004	1	5	C1P-106.7	0.2	1000	130	NA	
20231005	3	2	C1P-8.0	0.05	1000	130	NA	
20231005	3	3	C1P-40.4	0.05	1000	130	NA	
20231005	3	4	C1P-113.4	0.05	1000	130	NA	
20231005	3	5	C1P-106.7	0.05	1000	130	NA	
20231005	4	2	C1P-8.0	0.02	1000	130	NA	
20231005	4	3	C1P-40.4	0.02	1000	130	NA	
20231005	4	4	C1P-113.4	0.02	1000	130	NA	
20231005	4	5	C1P-106.7	0.02	1000	130	NA	
20231122	1	2	C1P-21.0	0.02	1000	130	NA	
20231122	1	3	C1P-43.8	0.02	1000	130	NA	
20231122	1	4	C1P-69.2	0.02	1000	130	NA	
20231122	1	5	C1P-94.1	0.02	1000	130	NA	
20231129	2	2	C1P-21.0	0.1	1000	130	NA	
20231129	2	3	C1P-43.8	0.1	1000	130	NA	
20231129	2	4	C1P-69.2	0.1	1000	130	NA	
20231129	2	5	C1P-94.1	0.1	1000	130	NA	
20231206	1	2	C1P-13.3	0.2	1000	130	NA	
20231206	1	3	C1P-109.4	0.2	1000	130	NA	
20231206	1	4	C1P-69.2	0.2	1000	130	NA	
20231206	1	5	C1P-107.9	0.2	1000	130	NA	
20231208	2	2	C1P-13.3	0.1	1000	130	NA	
20231208	2	3	C1P-109.4	0.1	1000	130	NA	
20231208	2	4	C1P-69.2	0.1	1000	130	NA	
20231208	2	5	C1P-107.9	0.1	1000	130	NA	
20231213	1	2	C1P-109.4	0.1	1000	130	NA	
20231213	1	3	C1P-24.2	0.1	1000	130	NA	
20231213	1	4	C1P-44.6	0.1	1000	130	NA	
20231213	1	5	C1P-13.3	0.1	1000	130	NA	
20231213	2	2	C1P-109.4	0.1	1000	130	NA	
20231213	2	3	C1P-24.2	0.1	1000	130	NA	
20231213	2	4	C1P-44.6	0.1	1000	130	NA	
20231213	2	5	C1P-13.3	0.1	1000	130	NA	
20231219	1	2		0.1	1000	130	NA	
20231219	1	3	C1P-12.7	0.1	1000	130	NA	
20231219	1	4	C1P-2.4	0.1	1000	130	NA	
20231219	1	5	C1P-22.2	0.1	1000	130	NA	
20240109	1	2	C1P-106.7	0.1	1000	130	NA	
20240109	1	3	C1P-40.4	0.1	1000	130	NA	
20240109	1	4	C1P-8.0	0.1	1000	130	NA	
20240109	1	5	C1P-113.4				NA	
20240119	2	2		0.1	1000	130	NA	
20240119	2	3	C1P-12.7	0.1	1000	130	NA	
20240119	2	4	C1P-2.4	0.1	1000	130	NA	
20240119	2	5	C1P-22.2	0.1	1000	130	NA	
20240124	2	2	C1P-106.7	0.1	1000	130	NA	
20240124	2	3	C1P-40.4	0.1	1000	130	NA	
20240124	2	4	C1P-8.0	0.1	1000	130	NA	
20240124	2	5	C1P-113.4	0.1	1000	130	NA	
20240202	1	2	C1P-94.1	0.1	1000	130	NA	
20240202	1	3	C1P-96.1	0.1	1000	130	NA	
20240202	1	4	C1P-75.4	0.1	1000	130	NA	
20240202	1	5	C1P-76.8	0.1	1000	130	NA	
20240207	2	2	C1P-94.1	0.1	1000	130	NA	
20240207	2	3	C1P-96.1	0.1	1000	130	NA	
20240207	2	4	C1P-75.4	0.1	1000	130	NA	
20240207	2	5	C1P-76.8	0.1	1000	130	NA	
20240212	1	2	C1P-43.8	0.1	1000	130	NA	
20240212	1	3	C1P-94.1	0.1	1000	130	NA	
20240212	1	4	C1P-21.0	0.1	1000	130	NA	
20240212	1	5	C1P-76.8	0.1	1000	130	NA	
20240212	2	2	C1P-43.8	0.1	1000	130	NA	
20240212	2	3	C1P-94.1	0.1	1000	130	NA	
20240212	2	4	C1P-21.0	0.1	1000	130	NA	
20240212	2	5	C1P-76.8	0.1	1000	130	NA	
20240221	2	2	C1P-43.8	0.1	1000	130	NA	
20240221	2	3	C1P-94.1	0.1	1000	130	NA	
20240221	2	4	C1P-21.0	0.1	1000	130	NA	
20240221	2	5	C1P-76.8	0.1	1000	130	NA	
20240223	2	2	C1P-43.8	0.1	1000	130	NA	
20240223	2	3	C1P-94.1	0.1	1000	130	NA	
20240223	2	4	C1P-21.0	0.1	1000	130	NA	
20240223	2	5	C1P-76.8	0.1	1000	130	NA	
20240301	1	2	C1P-109.4	0.1	1000	130	NA	
20240301	1	3	C1P-24.2	0.1	1000	130	NA	
20240301	1	4	C1P-44.6	0.1	1000	130	NA	
20240301	1	5	C1P-13.3	0.1	1000	130	NA	
20240307	1	2	C1P-106.7	0.1	1000	130	NA	
20240307	1	3	C1P-40.4	0.1	1000	130	NA	
20240307	1	4	C1P-8.0	0.1	1000	130	NA	
20240307	1	5	C1P-113.4	0.1	1000	130	NA	
20240308	2	2	C1P-106.7	0.1	1000	130	NA	
20240308	2	3	C1P-40.4	0.1	1000	130	NA	
20240308	2	4	C1P-8.0	0.1	1000	130	NA	
20240308	2	5	C1P-113.4	0.1	1000	130	NA	
20240412	1	2	C1P-13.3	0.1	1000	130	NA	
20240412	1	3	C1P-107.9	0.1	1000	130	NA	
20240412	1	4	C1P-69.2	0.1	1000	130	NA	
20240412	1	5	C1P-109.4	0.1	1000	130	NA	
20240415	2	2	C1P-13.3	0.1	1000	130	NA	
20240415	2	3	C1P-107.9	0.1	1000	130	NA	
20240415	2	4	C1P-69.2	0.1	1000	130	NA	
20240415	2	5	C1P-109.4	0.1	1000	130	NA	
20240419	2	2	C1P-13.3	0.1	1000	130	NA	
20240419	2	3	C1P-107.9	0.1	1000	130	NA	
20240419	2	4	C1P-69.2	0.1	1000	130	NA	
20240419	2	5	C1P-109.4	0.1	1000	130	NA	
20240426	1	2	C1P-13.3	0.1	1000	130	NA	
20240426	1	3	C1P-107.9	0.1	1000	130	NA	
20240426	1	4	C1P-69.2	0.1	1000	130	NA	
20240426	1	5	C1P-109.4	0.1	1000	130	NA	
20240426	2	2	C1P-13.3	0.1	1000	130	NA	
20240426	2	3	C1P-107.9	0.1	1000	130	NA	
20240426	2	4	C1P-69.2	0.1	1000	130	NA	
20240426	2	5	C1P-109.4	0.1	1000	130	NA	
20240503	2	2	C1P-13.3	0.1	1000	130	NA	
20240503	2	3	C1P-107.9	0.1	1000	130	NA	
20240503	2	4	C1P-69.2	0.1	1000	130	NA	
20240503	2	5	C1P-109.4	0.1	1000	130	NA	
20240503	1	2	C1P-13.3	0.1	1000	130	NA	
20240503	1	3	C1P-107.9	0.1	1000	130	NA	
20240503	1	4	C1P-69.2	0.1	1000	130	NA	
20240503	1	5	C1P-109.4	0.1	1000	130	NA	
20240510	2	2	C1P-13.3	0.1	1000	130	NA	
20240510	2	3	C1P-107.9	0.1	1000	130	NA	
20240510	2	4	C1P-69.2	0.1	1000	130	NA	
20240510	2	5	C1P-109.4	0.1	1000	130	NA	
20240522	1	2	C1P-94.1	0.1	1000	130	NA	
20240522	1	3	C1P-96.1	0.1	1000	130	NA	
20240522	1	4	C1P-75.4	0.1	1000	130	NA	
20240522	1	5	C1P-76.8	0.1	1000	130	NA	
20240522	2	2	C1P-94.1	0.1	1000	130	NA	
20240522	2	3	C1P-96.1	0.1	1000	130	NA	
20240522	2	4	C1P-75.4	0.1	1000	130	NA	
20240522	2	5	C1P-76.8	0.1	1000	130	NA	
20240614	1	2	C1P-106.7	0.1	1000	130	2	20240423
20240614	1	3	C1P-40.4	0.1	1000	130	2	20240423
20240614	1	4	C1P-8.0	0.1	1000	130	2	20240423
20240614	1	5	C1P-113.4	0.1	1000	130	2	20240423
20240614	3	2	C1P-106.7	0.1	1000	130	2	20240511
20240614	3	3	C1P-40.4	0.1	1000	130	2	20240511
20240614	3	4	C1P-8.0	0.1	1000	130	2	20240511
20240614	3	5	C1P-113.4	0.1	1000	130	2	20240511
20240621	3	2	C1P-106.7	0.1	1000	130	2	20240511
20240621	3	3	C1P-40.4	0.1	1000	130	2	20240511
20240621	3	4	C1P-8.0	0.1	1000	130	2	20240511
20240621	3	5	C1P-113.4	0.1	1000	130	2	20240511
20240628	4	2	C1P-106.7	0.1	1000	130	2	20240514
20240628	4	3	C1P-40.4	0.1	1000	130	2	20240514
20240628	4	4	C1P-8.0	0.1	1000	130	2	20240514
20240628	4	5	C1P-113.4	0.1	1000	130	2	20240514
20240701	1	2	C1P-106.7	0.1	1000	130	3	20240423
20240701	1	3	C1P-40.4	0.1	1000	130	3	20240423
20240701	1	4	C1P-8.0	0.1	1000	130	3	20240423
20240701	1	5	C1P-113.4	0.1	1000	130	3	20240423
20240701	3	2	C1P-106.7	0.1	1000	130	6	20240423
20240701	3	3	C1P-40.4	0.1	1000	130	6	20240423
20240701	3	4	C1P-8.0	0.1	1000	130	6	20240423
20240701	3	5	C1P-113.4	0.1	1000	130	6	20240423
20240710	3	2	C1P-106.7	0.1	1000	130	6	20240423
20240710	3	3	C1P-40.4	0.1	1000	130	6	20240423
20240710	3	4	C1P-8.0	0.1	1000	130	6	20240423
20240710	3	5	C1P-113.4	0.1	1000	130	6	20240423
20240710	4	2	C1P-106.7	0.1	1000	130	7	20240423
20240710	4	3	C1P-40.4	0.1	1000	130	7	20240423
20240710	4	4	C1P-8.0	0.1	1000	130	7	20240423
20240710	4	5	C1P-113.4	0.1	1000	130	7	20240423
20240712	5	2	C1P-106.7	0.1	1000	130	8	20240423
20240712	5	3	C1P-40.4	0.1	1000	130	8	20240423
20240712	5	4	C1P-8.0	0.1	1000	130	8	20240423
20240712	5	5	C1P-113.4	0.1	1000	130	8	20240423
20240717	1	2	C1P-106.7	0.1	1000	130	3	20240501
20240717	1	3	C1P-40.4	0.1	1000	130	3	20240501
20240717	1	4	C1P-8.0	0.1	1000	130	3	20240501
20240717	1	5	C1P-113.4	0.1	1000	130	3	20240501
20240719	3	2	C1P-106.7	0.1	1000	130	6	20240514
20240719	3	3	C1P-40.4	0.1	1000	130	6	20240514
20240719	3	4	C1P-8.0	0.1	1000	130	6	20240514
20240719	3	5	C1P-113.4	0.1	1000	130	6	20240514
20240719	4	2	C1P-106.7	0.1	1000	130	7	20240511
20240719	4	3	C1P-40.4	0.1	1000	130	7	20240511
20240719	4	4	C1P-8.0	0.1	1000	130	7	20240511
20240719	4	5	C1P-113.4	0.1	1000	130	7	20240511
20240719	5	2	C1P-106.7	0.1	1000	130	8	20240514
20240719	5	3	C1P-40.4	0.1	1000	130	8	20240514
20240719	5	4	C1P-8.0	0.1	1000	130	8	20240514
20240719	5	5	C1P-113.4	0.1	1000	130	8	20240514
20240722	2	2	C1P-106.7	0.1	1000	130	5	20240511
20240722	2	3	C1P-40.4	0.1	1000	130	5	20240511
20240722	2	4	C1P-8.0	0.1	1000	130	5	20240511
20240722	2	5	C1P-113.4	0.1	1000	130	5	20240511
20241106	2	2	C1P-106.7	0.1	1000	130	B	20241030
20241106	2	3	C1P-40.4	0.1	1000	130	B	20241030
20241106	2	4	C1P-8.0	0.1	1000	130	B	20241030
20241106	2	5	C1P-113.4	0.1	1000	130	B	20241030
20241120	1	2	C1P-106.7	0.1	1000	130	A	20241030
20241120	1	3	C1P-40.4	0.1	1000	130	A	20241030
20241120	1	4	C1P-8.0	0.1	1000	130	A	20241030
20241120	1	5	C1P-113.4	0.1	1000	130	A	20241030
20241120	2	2	C1P-106.7	0.1	1000	130	B	20241030
20241120	2	3	C1P-40.4	0.1	1000	130	B	20241030
20241120	2	4	C1P-8.0	0.1	1000	130	B	20241030
20241120	2	5	C1P-113.4	0.1	1000	130	B	20241030
20241121	1	2	C1P-106.7	0.1	1000	130	A	20241030
20241121	1	3	C1P-40.4	0.1	1000	130	A	20241030
20241121	1	4	C1P-8.0	0.1	1000	130	A	20241030
20241121	1	5	C1P-113.4	0.1	1000	130	A	20241030
20241121	3	2	C1P-106.7	0.1	1000	130	C	20241030
20241121	3	3	C1P-40.4	0.1	1000	130	C	20241030
20241121	3	4	C1P-8.0	0.1	1000	130	C	20241030
20241121	3	5	C1P-113.4	0.1	1000	130	C	20241030
20241121	4	2	C1P-106.7	0.1	1000	130	D	20241030
20241121	4	3	C1P-40.4	0.1	1000	130	D	20241030
20241121	4	4	C1P-8.0	0.1	1000	130	D	20241030
20241121	4	5	C1P-113.4	0.1	1000	130	D	20241030
20241216	1	2	C1P-106.7	0.1	1000	130	A	20241202
20241216	1	3	C1P-40.4	0.1	1000	130	A	20241202
20241216	1	4	C1P-8.0	0.1	1000	130	A	20241202
20241216	1	5	C1P-113.4	0.1	1000	130	A	20241202
20241216	2	2	C1P-106.7	0.1	1000	130	B	20241202
20241216	2	3	C1P-40.4	0.1	1000	130	B	20241202
20241216	2	4	C1P-8.0	0.1	1000	130	B	20241202
20241216	2	5	C1P-113.4	0.1	1000	130	B	20241202
20241216	3	2	C1P-106.7	0.1	1000	130	C	20241202
20241216	3	3	C1P-40.4	0.1	1000	130	C	20241202
20241216	3	4	C1P-8.0	0.1	1000	130	C	20241202
20241216	3	5	C1P-113.4	0.1	1000	130	C	20241202
20241217	4	2	C1P-106.7	0.1	1000	130	D	20241202
20241217	4	3	C1P-40.4	0.1	1000	130	D	20241202
20241217	4	4	C1P-8.0	0.1	1000	130	D	20241202
20241217	4	5	C1P-113.4	0.1	1000	130	D	20241202
20241217	5	2	C1P-106.7	0.1	1000	130	E	20241202
20241217	5	3	C1P-40.4	0.1	1000	130	E	20241202
20241217	5	4	C1P-8.0	0.1	1000	130	E	20241202
20241217	5	5	C1P-113.4	0.1	1000	130	E	20241202
20241217	1	2	C1P-106.7	0.1	1000	130	A	20241209
20241217	1	3	C1P-40.4	0.1	1000	130	A	20241209
20241217	1	4	C1P-8.0	0.1	1000	130	A	20241209
20241217	1	5	C1P-113.4	0.1	1000	130	A	20241209
20250204	1	2	C1P-24.2	0.1	1000	130	Day 7	20250202
20250204	1	3	C1P-69.2	0.1	1000	130	Day 7	20250202
20250204	1	4	C1P-13.3	0.1	1000	130	Day 7	20250202
20250204	1	5	C1P-107.9	0.1	1000	130	Day 7	20250202
20250204	2	2	C1P-24.2	0.1	1000	130	Day 7	20250202
20250204	2	3	C1P-69.2	0.1	1000	130	Day 7	20250202
20250204	2	4	C1P-13.3	0.1	1000	130	Day 7	20250202
20250204	2	5	C1P-107.9	0.1	1000	130	Day 7	20250202
20250207	3	2	C1P-24.2	0.1	1000	130	Day 7	20250202
20250207	3	3	C1P-69.2	0.1	1000	130	Day 7	20250202
20250207	3	4	C1P-13.3	0.1	1000	130	Day 7	20250202
20250207	3	5	C1P-107.9	0.1	1000	130	Day 7	20250202
20250207	4	2	C1P-24.2	0.1	1000	130	Day 7	20250202
20250207	4	3	C1P-69.2	0.1	1000	130	Day 7	20250202
20250207	4	4	C1P-13.3	0.1	1000	130	Day 7	20250202
20250207	4	5	C1P-107.9	0.1	1000	130	Day 7	20250202
20250221	5	2	C1P-24.2	0.1	1000	130	Day 7	20250202
20250221	5	3	C1P-69.2	0.1	1000	130	Day 7	20250202
20250221	5	4	C1P-13.3	0.1	1000	130	Day 7	20250202
20250221	5	5	C1P-107.9	0.1	1000	130	Day 7	20250202
20250221	6	2	C1P-24.2	0.1	1000	130	Day 7	20250202
20250221	6	3	C1P-69.2	0.1	1000	130	Day 7	20250202
20250221	6	4	C1P-13.3	0.1	1000	130	Day 7	20250202
20250221	6	5	C1P-107.9	0.1	1000	130	Day 7	20250202
20250224	1	2	C1P-24.2	0.1	1000	130	Day 8	20250207
20250224	1	3	C1P-69.2	0.1	1000	130	Day 8	20250207
20250224	1	4	C1P-13.3	0.1	1000	130	Day 8	20250207
20250224	1	5	C1P-107.9	0.1	1000	130	Day 8	20250207
20250224	2	2	C1P-24.2	0.1	1000	130	Day 8	20250207
20250224	2	3	C1P-69.2	0.1	1000	130	Day 7	20250207
20250224	2	4	C1P-13.3	0.1	1000	130	Day 7	20250207
20250224	2	5	C1P-107.9	0.1	1000	130	Day 7	20250207
20250225	3	2	C1P-24.2	0.1	1000	130	Day 7	20250207
20250225	3	3	C1P-69.2	0.1	1000	130	Day 7	20250207
20250225	3	4	C1P-13.3	0.1	1000	130	Day 7	20250207
20250225	3	5	C1P-107.9	0.1	1000	130	Day 7	20250207
20250225	4	2	C1P-24.2	0.1	1000	130	Day 7	20250207
20250225	4	3	C1P-69.2	0.1	1000	130	Day 7	20250207
20250225	4	4	C1P-13.3	0.1	1000	130	Day 7	20250207
20250225	4	5	C1P-107.9	0.1	1000	130	Day 7	20250207
20250307	5	2	C1P-24.2	0.1	1000	130	Day 7	20250207
20250307	5	3	C1P-69.2	0.1	1000	130	Day 7	20250207
20250307	5	4	C1P-13.3	0.1	1000	130	Day 7	20250207
20250307	5	5	C1P-107.9	0.1	1000	130	Day 7	20250207
20250307	5	2	C1P-24.2	0.1	1000	130	Day 7	20250207
20250307	5	3	C1P-69.2	0.1	1000	130	Day 7	20250207
20250307	5	4	C1P-13.3	0.1	1000	130	Day 7	20250207
20250307	5	5	C1P-107.9	0.1	1000	130	Day 7	20250207
20250319	1	2	C1P-24.2	0.1	1000	130	Day 6	20250310
20250319	1	3	C1P-69.2	0.1	1000	130	Day 6	20250310
20250319	1	4	C1P-13.3	0.1	1000	130	Day 6	20250310
20250319	1	5	C1P-107.9	0.1	1000	130	Day 6	20250310
20250319	2	2	C1P-24.2	0.1	1000	130	Day 6	20250310
20250319	2	3	C1P-69.2	0.1	1000	130	Day 6	20250310
20250319	2	4	C1P-13.3	0.1	1000	130	Day 6	20250310
20250319	2	5	C1P-107.9	0.1	1000	130	Day 6	20250310
20250321	3	2	C1P-24.2	0.1	1000	130	Day 6	20250310
20250321	3	3	C1P-69.2	0.1	1000	130	Day 6	20250310
20250321	3	4	C1P-13.3	0.1	1000	130	Day 6	20250310
20250321	3	5	C1P-107.9	0.1	1000	130	Day 6	20250310
20250321	4	2	C1P-24.2	0.1	1000	130	Day 6	20250310
20250321	4	3	C1P-69.2	0.1	1000	130	Day 6	20250310
20250321	4	4	C1P-13.3	0.1	1000	130	Day 6	20250310
20250321	4	5	C1P-107.9	0.1	1000	130	Day 6	20250310
20250325	5	2	C1P-24.2	0.1	1000	130	Day 6	20250310
20250325	5	3	C1P-69.2	0.1	1000	130	Day 6	20250310
20250325	5	4	C1P-13.3	0.1	1000	130	Day 6	20250310
20250325	5	5	C1P-107.9	0.1	1000	130	Day 6	20250310
20250326	6	2	C1P-24.2	0.1	1000	130	Day 6	20250310
20250326	6	3	C1P-69.2	0.1	1000	130	Day 6	20250310
20250326	6	4	C1P-13.3	0.1	1000	130	Day 6	20250310
20250326	6	5	C1P-107.9	0.1	1000	130	Day 6	20250310
20250327	1	2	C1P-24.2	0.1	1000	130	Day 5	20250305
20250327	1	3	C1P-69.2	0.1	1000	130	Day 5	20250305
20250327	1	4	C1P-13.3	0.1	1000	130	Day 5	20250305
20250327	1	5	C1P-107.9	0.1	1000	130	Day 5	20250305
20250415	2	2	C1P-24.2	0.1	1000	130	Day 5	20250305
20250415	2	3	C1P-69.2	0.1	1000	130	Day 5	20250305
20250415	2	4	C1P-13.3	0.1	1000	130	Day 5	20250305
20250415	2	5	C1P-107.9	0.1	1000	130	Day 5	20250305
20250415	3	2	C1P-24.2	0.1	1000	130	Day 5	20250305
20250415	3	3	C1P-69.2	0.1	1000	130	Day 5	20250305
20250415	3	4	C1P-13.3	0.1	1000	130	Day 5	20250305
20250415	3	5	C1P-107.9	0.1	1000	130	Day 5	20250305
20250415	4	2	C1P-24.2	0.1	1000	130	Day 5	20250305
20250415	4	3	C1P-69.2	0.1	1000	130	Day 5	20250305
20250415	4	4	C1P-13.3	0.1	1000	130	Day 5	20250305
20250415	4	5	C1P-107.9	0.1	1000	130	Day 5	20250305
20250416	4	2	C1P-24.2	0.1	1000	130	Day 5	20250305
20250416	4	3	C1P-69.2	0.1	1000	130	Day 5	20250305
20250416	4	4	C1P-13.3	0.1	1000	130	Day 5	20250305
20250416	4	5	C1P-107.9	0.1	1000	130	Day 5	20250305
20250416	5	2	C1P-24.2	0.1	1000	130	Day 5	20250305
20250416	5	3	C1P-69.2	0.1	1000	130	Day 5	20250305
20250416	5	4	C1P-13.3	0.1	1000	130	Day 5	20250305
20250416	5	5	C1P-107.9	0.1	1000	130	Day 5	20250305
20250416	6	2	C1P-24.2	0.1	1000	130	Day 5	20250305
20250416	6	3	C1P-69.2	0.1	1000	130	Day 5	20250305
20250416	6	4	C1P-13.3	0.1	1000	130	Day 5	20250305
20250416	6	5	C1P-107.9	0.1	1000	130	Day 5	20250305
20250418	1	2	C1P-24.2	0.1	1000	130	Day 9	20250317
20250418	1	3	C1P-69.2	0.1	1000	130	Day 9	20250317
20250418	1	4	C1P-13.3	0.1	1000	130	Day 9	20250317
20250418	1	5	C1P-107.9	0.1	1000	130	Day 9	20250317
20250421	3	2	C1P-24.2	0.1	1000	130	Day 9	20250317
20250421	3	3	C1P-69.2	0.1	1000	130	Day 9	20250317
20250421	3	4	C1P-13.3	0.1	1000	130	Day 9	20250317
20250421	3	5	C1P-107.9	0.1	1000	130	Day 9	20250317
20250421	4	2	C1P-24.2	0.1	1000	130	Day 9	20250317
20250421	4	3	C1P-69.2	0.1	1000	130	Day 9	20250317
20250421	4	4	C1P-13.3	0.1	1000	130	Day 9	20250317
20250421	4	5	C1P-107.9	0.1	1000	130	Day 9	20250317
20250502	1	2	C1P-24.2	0.1	1000	130	Day 9	20250317
20250502	1	3	C1P-69.2	0.1	1000	130	Day 9	20250317
20250502	1	4	C1P-13.3	0.1	1000	130	Day 9	20250317
20250502	1	5	C1P-107.9	0.1	1000	130	Day 9	20250317
20250502	2	2	C1P-24.2	0.1	1000	130	Day 9	20250317
20250502	2	3	C1P-69.2	0.1	1000	130	Day 9	20250317
20250502	2	4	C1P-13.3	0.1	1000	130	Day 9	20250317
20250502	2	5	C1P-107.9	0.1	1000	130	Day 9	20250317
20250513	5	2	C1P-24.2	0.1	1000	130	Day 9	20250317
20250513	5	3	C1P-69.2	0.1	1000	130	Day 9	20250317
20250513	5	4	C1P-13.3	0.1	1000	130	Day 9	20250317
20250513	5	5	C1P-107.9	0.1	1000	130	Day 9	20250317
20250514	6	2	C1P-24.2	0.1	1000	130	Day 9	20250317
20250514	6	3	C1P-69.2	0.1	1000	130	Day 9	20250317
20250514	6	4	C1P-13.3	0.1	1000	130	Day 9	20250317
20250514	6	5	C1P-107.9	0.1	1000	130	Day 9	20250317
20250605	4	2	C1P-24.2	0.1	1000	130	Day 9	20250317
20250605	4	3	C1P-69.2	0.1	1000	130	Day 9	20250317
20250605	4	4	C1P-13.3	0.1	1000	130	Day 9	20250317
20250605	4	5	C1P-107.9	0.1	1000	130	Day 9	20250317